10,165
10,88
10,300
10,22
10,84
10,153
10,246
108,5
10,71
108,4
108,3
108,2
108,1
108,0
107,3
107,2
107,1
107,0
106,5
106,4
106,3
106,2
106,1
106,0
11,21
105,4
105,3
105,2
105,1
105,0
104,3
104,2
104,1
104,0
103,3
103,2
103,1
103,0
102,6
102,5
11,11
11,12
102,4
102,3
102,2
102,1
102,0
101,3
101,2
101,1
101,0
100,3
100,2
100,1
100,0
99,3
99,2
99,1
99,0
98,3
98,2
98,1
98,0
97,3
97,2
97,1
97,0
96,3
96,2
96,1
96,0
95,3
95,2
95,1
95,0
94,3
94,2
94,1
94,0
93,3
93,2
93,1
93,0
92,3
92,2
92,1
92,0
91,3
91,2
91,1
31,3
31,1
26,3
26,1
11,29
11,26
11,14
11,23
11,22
11,2
11,3
11,16
11,1
8,15
8,9
8,5
8,8
8,13
12,2
12,1
12,3
11,8
10,310
10,305
10,228
10,226
